14
93
16
17
94
101
95
22
96
24
97
29
137
31
32
98
34
102
36
99
38
103
25
26
27
44
100
42
43
40
45
46
47
52
54
69
76
58
77
55
18
20
28
33
37
59
71
72
73
21
123
125
134
135
138
144
145
146
147
148
150
151
152
153
154
159
168
173
178
183
188
193
198
203
208
213
218
223
228
233
238
243
253
258
263
268
273
278
283
288
293
298
303
308
313
318
323
328
333
338
343
347
352
362
367
372
377
382
387
392
397
398
403
428
433
438
443
448
453
458
460
465
466
471
476
481
482
487
492
497
502
507
512
517
521
526
531
532
533
538
543
548
553
558
563
568
573
578
582
621
623
628
633
638
643
648
653
658
660
665
670
671
676
681
686
691
696
701
706
711
716
721
726
731
736
741
746
751
756
761
766
771
776
781
786
791
796
801
806
811
816
821
826
831
836
841
846
851
856
861
864
869
874
879
884
889
894
895
900
905
910
915
920
